Apr2008	3	24	2430
Apr2009	0	14	1683
Apr2010	0	26	2006
Apr2011	1	15	1739
Apr2012	1	14	1652
Apr2013	1	14	1235
Apr2014	4	18	1787
Apr2015	4	34	1805
Apr2016	1	28	2034
Apr2017	6	28	2108
Aug2008	4	12	1422
Aug2009	1	15	1651
Aug2010	1	15	1767
Aug2011	0	12	1171
Aug2012	1	12	1470
Aug2013	5	12	1239
Aug2014	0	17	1374
Aug2015	1	24	1680
Aug2016	2	21	1696
Dec2008	2	14	1300
Dec2009	0	22	1927
Dec2010	0	14	1620
Dec2011	2	8	1319
Dec2012	0	15	1319
Dec2013	1	12	1378
Dec2014	5	27	1680
Dec2015	0	23	1711
Dec2016	3	21	1467
Dec2017	2	33	1741
Feb2008	2	22	1881
Feb2009	1	19	1464
Feb2010	0	17	1687
Feb2011	0	12	1251
Feb2012	1	12	1260
Feb2013	2	14	1275
Feb2014	0	6	460
Feb2015	6	29	1725
Feb2016	0	25	1859
Jan2008	3	29	2399
Jan2009	2	18	1877
Jan2010	0	21	2077
Jan2011	1	21	2017
Jan2012	3	10	1491
Jan2013	2	16	1557
Jan2014	0	0	362
Jan2015	4	32	1845
Jan2016	2	21	2101
Jan2017	3	23	2027
Jan2018	2	27	1837
Jul2008	3	19	2277
Jul2009	1	20	1455
Jul2010	1	22	1855
Jul2011	1	16	1522
Jul2012	1	15	1873
Jul2013	5	8	1359
Jul2014	1	23	1513
Jul2015	2	28	1958
Jul2016	3	23	2187
Jul2017	5	27	1919
Jun2008	3	7	1626
Jun2009	1	22	1580
Jun2010	0	15	1398
Jun2011	2	13	1180
Jun2012	1	15	1308
Jun2013	3	10	1305
Jun2014	0	15	1355
Jun2015	2	19	1580
Jun2016	2	28	1841
Jun2017	1	23	1476
Mar2008	5	26	1938
Mar2009	1	18	1425
Mar2010	0	14	1611
Mar2011	0	13	1317
Mar2012	0	10	1234
Mar2013	0	9	1170
Mar2014	1	18	1271
Mar2015	3	16	1302
Mar2016	1	21	1716
Mar2017	3	26	1546
May2008	4	9	1538
May2009	1	18	1472
May2010	0	19	1890
May2011	2	11	1301
May2013	1	7	1077
May2014	4	16	1331
May2015	3	32	1636
May2016	1	26	1620
Nov2008	0	11	1803
Nov2009	0	14	1631
Nov2010	0	11	1363
Nov2011	4	8	1282
Nov2012	1	15	1510
Nov2013	2	16	1249
Nov2014	2	20	1472
Nov2015	2	25	1668
Nov2016	3	23	1583
Oct2008	2	16	1794
Oct2009	0	12	1819
Oct2010	1	19	1539
Oct2011	1	8	1360
Oct2012	1	9	1670
Oct2013	4	9	1544
Oct2014	3	30	1812
Oct2015	2	29	1829
Oct2016	3	25	2042
Oct2017	7	32	2050
results	0	0	0
Sep2008	3	13	1848
Sep2009	1	9	1618
Sep2010	2	13	1708
Sep2011	0	14	1168
Sep2012	3	12	1316
Sep2013	2	8	1166
Sep2014	3	26	1574
Sep2015	0	17	1665
Sep2016	0	16	1466
Sep2017	4	31	1608
