Apr2006	24	127	24810
Apr2007	41	148	28073
Apr2008	50	128	29845
Apr2009	16	89	26604
Apr2010	7	45	12695
Apr2012	4	50	11226
Apr2014	5	10	3645
Apr2015	5	22	4523
Apr2016	5	31	5582
Apr2017	7	50	5861
Aug2014	3	13	1474
Aug2015	5	16	2167
Aug2016	2	17	2140
Aug2017	2	80	6995
Dec2014	2	23	2048
Dec2015	2	13	1826
Dec2016	7	38	4625
Dec2017	2	88	6265
Feb2015	3	27	4069
Feb2016	3	25	1862
Feb2017	5	49	4961
Feb2018	2	95	5710
Jun2014	0	8	1506
Jun2015	3	20	2159
Jun2016	3	17	2041
Jun2017	4	84	7320
May2011	3	59	13303
May2013	9	58	10962
Oct2016	4	29	3130
Oct2017	4	97	6835
Sep2014	6	21	3518
Sep2015	7	30	4400
