Apr2006	6	50	5535
Apr2007	4	74	7584
Apr2008	4	81	8411
Apr2009	3	65	8158
Apr2010	2	64	8207
Apr2011	4	70	9094
Apr2012	3	63	9246
Apr2013	1	64	8527
Apr2014	2	29	3981
Apr2015	2	28	3635
Apr2016	3	23	3798
Apr2017	0	12	1794
Aug2006	2	53	6680
Aug2011	4	72	8844
Aug2012	4	64	8926
Aug2013	2	68	8367
Aug2015	2	28	3773
Aug2016	0	11	1930
Dec2007	4	79	7662
Dec2008	3	99	9355
Dec2009	3	65	7941
Dec2010	4	71	8516
Dec2012	3	59	8487
Dec2014	1	26	3804
Dec2017	0	8	1968
Feb2014	2	30	3962
Feb2017	0	12	1764
Feb2018	0	10	1971
Jan2006	4	43	5159
Jan2007	1	67	7106
Jan2008	4	80	7919
Jan2009	2	88	9114
Jan2010	3	52	6888
Jan2011	5	61	7883
Jan2012	3	82	9475
Jan2013	1	68	8724
Jan2014	2	72	8587
Jan2015	2	28	3571
Jan2016	3	23	4012
Jan2017	0	17	1767
Jul2006	3	50	6306
Jul2007	1	84	8142
Jul2008	2	100	8519
Jul2009	3	70	8587
Jul2010	2	66	7998
Jul2011	5	63	8640
Jul2012	4	61	8976
Jul2013	3	63	8073
Jul2014	1	26	3918
Jul2016	1	10	1793
Jul2017	0	10	1980
Jun2007	1	81	7663
Jun2008	4	74	8225
Jun2009	5	78	8789
Jun2010	3	68	8314
Jun2011	3	73	8806
Jun2015	2	26	3722
Jun2016	3	22	3904
Mar2006	3	33	5272
Mar2007	8	74	7606
Mar2008	4	79	7888
Mar2009	3	71	8896
Mar2010	2	56	7936
Mar2011	4	69	8104
Mar2012	2	66	9540
Mar2013	1	67	8634
Mar2015	2	27	3587
May2006	2	30	5723
May2012	2	61	9074
May2013	2	60	8273
May2014	1	25	3604
May2017	0	13	1969
Nov2006	3	68	7212
Nov2011	4	88	9317
Nov2013	2	69	8383
Nov2015	2	25	3883
Nov2016	0	14	1896
Oct2006	2	55	6456
Oct2007	6	78	7905
Oct2008	4	84	9125
Oct2009	4	64	8165
Oct2010	5	68	8676
Oct2011	6	78	9280
Oct2012	3	65	9217
Oct2013	2	62	8632
Oct2014	1	28	3714
Oct2015	2	27	3774
Oct2016	0	9	2079
Oct2017	0	9	1718
results	0	0	0
Sep2007	3	74	7601
Sep2008	3	94	8784
Sep2009	3	64	8143
Sep2010	3	60	8198
Sep2014	1	22	3835
Sep2015	2	27	4001
Sep2017	0	9	2115
